   1.8496631e-01   1.1606171e-01   9.7809006e-02   7.3975438e-02   6.4867416e-02   7.8459817e-02   9.5833089e-02   8.7728712e-02   1.3619692e-01   6.4101583e-02
   2.0404405e-01   1.1700045e-01   9.6976736e-02   7.2970831e-02   6.5246005e-02   7.1764885e-02   9.5463733e-02   8.3267931e-02   1.3053565e-01   6.2729735e-02
   1.9133523e-01   1.2105675e-01   9.4669594e-02   7.3594095e-02   6.4328413e-02   7.5215845e-02   9.6165210e-02   8.5465051e-02   1.3323723e-01   6.4932580e-02
   1.9696225e-01   1.1941523e-01   9.5164529e-02   7.3650206e-02   6.4278425e-02   7.3431309e-02   9.5042710e-02   8.5752918e-02   1.3202332e-01   6.4279110e-02
   1.9543560e-01   1.2522090e-01   9.2943200e-02   7.3147243e-02   6.2346725e-02   7.2726459e-02   9.9758936e-02   8.2679514e-02   1.3128750e-01   6.4453918e-02
   2.0490701e-01   1.1075183e-01   9.9012153e-02   7.5702520e-02   6.7080754e-02   7.0988759e-02   9.3110714e-02   8.3279094e-02   1.3101128e-01   6.4155880e-02
   1.8039125e-01   1.0649513e-01   1.1266801e-01   7.7343956e-02   7.6444736e-02   7.0866468e-02   9.4938210e-02   8.4534700e-02   1.3298386e-01   6.3333680e-02
   1.8433407e-01   1.2072966e-01   9.3720622e-02   8.5668551e-02   6.8935297e-02   6.7444700e-02   9.2153037e-02   8.3790767e-02   1.2892696e-01   7.4296345e-02
   1.4978083e-01   1.1721252e-01   9.2087040e-02   1.0221145e-01   7.8895868e-02   7.0901687e-02   8.8159225e-02   8.5931504e-02   1.2574769e-01   8.9072197e-02
   1.9387427e-01   1.1879865e-01   9.3363464e-02   7.9364408e-02   6.8750360e-02   6.9734802e-02   9.1985188e-02   8.4191363e-02   1.2944132e-01   7.0496174e-02
   1.0480759e-01   1.6208905e-01   7.8879921e-02   9.3880551e-02   6.6183178e-02   7.8257942e-02   1.0205340e-01   1.0750500e-01   1.0662899e-01   9.9714369e-02
   1.1822889e-01   1.6267551e-01   9.0314107e-02   7.8858265e-02   5.5606774e-02   7.7457148e-02   1.2457471e-01   9.4060529e-02   1.2409351e-01   7.4130554e-02
   8.9974001e-02   1.0708873e-01   1.2114229e-01   9.4197681e-02   1.0042628e-01   9.6429469e-02   1.0667238e-01   9.1978657e-02   1.1816590e-01   7.3924623e-02
   1.0204180e-01   1.4768950e-01   1.0694086e-01   7.5204309e-02   7.4212561e-02   8.6871506e-02   1.2654007e-01   9.8852269e-02   1.1731067e-01   6.4336453e-02
   1.0694021e-01   1.6268249e-01   7.8568856e-02   9.4208093e-02   6.5025368e-02   7.6765705e-02   1.0079133e-01   1.0792363e-01   1.0683586e-01   1.0025846e-01
   9.0757406e-02   1.1303833e-01   1.0742472e-01   6.5077725e-02   7.3262386e-02   1.5217608e-01   1.2141644e-01   1.0812478e-01   1.1377740e-01   5.4944729e-02
   1.0633252e-01   1.6738491e-01   7.9198010e-02   9.1471252e-02   6.4807146e-02   7.8534860e-02   1.0323618e-01   1.0792729e-01   1.0711272e-01   9.3995100e-02
   9.3028944e-02   1.4036221e-01   7.8821238e-02   1.1256271e-01   7.2872256e-02   8.8552957e-02   9.9553659e-02   1.0009784e-01   1.0425359e-01   1.0989460e-01
   1.0609517e-01   1.7927818e-01   8.9308473e-02   7.9922995e-02   6.2862541e-02   7.7259412e-02   1.1909293e-01   9.7777746e-02   1.1374620e-01   7.4656365e-02
   9.8552892e-02   1.5432900e-01   9.3832157e-02   8.1561110e-02   7.7163746e-02   8.9699009e-02   1.0618403e-01   1.1940204e-01   1.0731283e-01   7.1963201e-02
   8.1442971e-02   9.7815171e-02   1.5148244e-01   8.2043082e-02   8.7648963e-02   9.9217689e-02   1.0884780e-01   1.2030076e-01   1.0950961e-01   6.1691507e-02
   7.9603519e-02   8.7704880e-02   1.5942636e-01   7.1578413e-02   1.0651285e-01   1.1913579e-01   1.1090820e-01   1.0786126e-01   1.0404817e-01   5.3220562e-02
   8.3372505e-02   9.4150733e-02   1.5599923e-01   7.4529560e-02   9.5373889e-02   1.0839918e-01   1.1675598e-01   1.0729173e-01   1.0854734e-01   5.5579851e-02
   8.1558948e-02   9.0514266e-02   1.6291651e-01   7.6527630e-02   1.0025396e-01   1.0501666e-01   1.0822106e-01   1.1280105e-01   1.0574875e-01   5.6441167e-02
   8.1167346e-02   9.3596667e-02   1.6255026e-01   7.7359459e-02   9.2369616e-02   1.0197742e-01   1.1041719e-01   1.1446499e-01   1.0781738e-01   5.8279665e-02
   8.0164802e-02   9.3302908e-02   1.5234358e-01   7.1642170e-02   9.3227789e-02   1.2118485e-01   1.1385755e-01   1.1442490e-01   1.0642304e-01   5.3428402e-02
   8.6710895e-02   1.0281261e-01   1.5589963e-01   7.6138164e-02   7.7845155e-02   9.3131362e-02   1.1689636e-01   1.0863772e-01   1.1949679e-01   6.2431312e-02
   9.4274447e-02   1.1503395e-01   1.3093583e-01   7.6609890e-02   6.6840993e-02   8.7891665e-02   1.2246588e-01   1.0233212e-01   1.3458729e-01   6.9027927e-02
   9.6335568e-02   1.2461379e-01   1.2094018e-01   7.8304356e-02   6.4887121e-02   8.4344134e-02   1.2636869e-01   1.0438703e-01   1.2868294e-01   7.1136197e-02
   8.2110029e-02   8.3362581e-02   1.6341989e-01   7.0386406e-02   1.1183259e-01   1.1933019e-01   1.0422856e-01   1.0291322e-01   1.0784082e-01   5.4575713e-02
   7.6212802e-02   9.8495815e-02   7.5646340e-02   1.6622570e-01   6.9690524e-02   6.4486328e-02   7.2417245e-02   1.0603591e-01   9.0108321e-02   1.8068101e-01
   9.0388679e-02   9.1901127e-02   1.1862387e-01   1.2359347e-01   9.4013797e-02   7.9952496e-02   8.8865668e-02   1.1973051e-01   1.0880519e-01   8.4125188e-02
   7.4509705e-02   9.3530123e-02   8.3462094e-02   1.8383503e-01   8.7392456e-02   6.7706397e-02   7.3822107e-02   1.0875494e-01   8.9391453e-02   1.3759569e-01
   8.9774431e-02   1.0672074e-01   8.9480072e-02   1.4556577e-01   6.7088623e-02   7.2397769e-02   9.1555250e-02   9.9199129e-02   1.0745854e-01   1.3075968e-01
   7.9222803e-02   9.0442497e-02   8.0042222e-02   1.9233471e-01   8.5626684e-02   6.4380750e-02   6.9222573e-02   1.0073726e-01   8.9086993e-02   1.4890351e-01
   7.8691117e-02   1.0746913e-01   7.4981738e-02   1.6114605e-01   7.2378951e-02   6.8724329e-02   7.9830048e-02   1.0127995e-01   9.2582494e-02   1.6291620e-01
   1.0236727e-01   1.0532638e-01   9.6687891e-02   1.1245986e-01   6.4434259e-02   7.5640361e-02   9.1557725e-02   9.5382035e-02   1.3079076e-01   1.2535347e-01
   8.5657364e-02   1.0963334e-01   8.1876282e-02   1.2166964e-01   7.1903459e-02   7.7889772e-02   8.5282327e-02   9.7152926e-02   1.1175529e-01   1.5717959e-01
   7.3575510e-02   9.6559144e-02   7.8294394e-02   1.7843416e-01   7.8462435e-02   6.9818991e-02   7.5374348e-02   1.0640435e-01   8.9622820e-02   1.5345385e-01
   8.6379749e-02   1.0635304e-01   8.7836360e-02   1.4271665e-01   7.4175683e-02   8.4553395e-02   9.1876085e-02   1.0940169e-01   1.0541002e-01   1.1129733e-01
   9.5405654e-02   8.6614098e-02   1.2249731e-01   8.2932385e-02   1.6307607e-01   1.0234200e-01   8.8677555e-02   9.6506379e-02   9.8847878e-02   6.3100671e-02
   8.2039868e-02   9.8128005e-02   1.0419972e-01   9.0903137e-02   1.3548166e-01   1.1249580e-01   1.1190141e-01   8.9771373e-02   1.0059557e-01   7.4483461e-02
   8.0849065e-02   8.0015726e-02   1.3103677e-01   7.8510916e-02   1.6669456e-01   1.2229326e-01   8.6769221e-02   1.0017013e-01   9.4713747e-02   5.8946607e-02
   1.1408335e-01   1.2604016e-01   9.9956806e-02   8.2608271e-02   9.4981028e-02   9.3906417e-02   1.0286162e-01   1.0738806e-01   1.0904928e-01   6.9125009e-02
   9.2239295e-02   8.7259405e-02   1.2538313e-01   8.4644992e-02   1.5039852e-01   1.0980032e-01   8.2341741e-02   1.0393850e-01   9.7627821e-02   6.6366277e-02
   8.1538428e-02   8.4043064e-02   1.2976716e-01   7.8103255e-02   1.5080900e-01   1.2783570e-01   8.9264529e-02   1.0178157e-01   9.7011590e-02   5.9845706e-02
   9.6223976e-02   8.6515012e-02   1.2235959e-01   8.3004371e-02   1.6020085e-01   1.0253463e-01   8.9466010e-02   9.8944064e-02   9.8086326e-02   6.2665171e-02
   6.9074820e-02   7.2947379e-02   1.1272303e-01   1.0765359e-01   2.0014298e-01   9.8056980e-02   8.2107016e-02   9.0167983e-02   8.7241793e-02   7.9884431e-02
   8.6676996e-02   8.7810928e-02   1.1396154e-01   9.3200465e-02   1.6141184e-01   1.0784403e-01   8.3320423e-02   9.5939342e-02   9.6847666e-02   7.2986769e-02
   9.2600984e-02   8.6395591e-02   1.3116550e-01   7.6710404e-02   1.3273408e-01   1.2498664e-01   8.8004800e-02   1.0720411e-01   1.0027474e-01   5.9923149e-02
   7.3843715e-02   8.7468964e-02   1.1008794e-01   7.0374891e-02   9.8714741e-02   1.9703163e-01   1.0729259e-01   9.8177348e-02   1.0040400e-01   5.6604183e-02
   7.4502520e-02   8.7422738e-02   1.0761498e-01   6.6071991e-02   9.7095031e-02   2.1050138e-01   1.0946568e-01   9.3200094e-02   9.9246026e-02   5.4879559e-02
   7.4534459e-02   8.0385951e-02   1.1991622e-01   8.0018960e-02   1.2661505e-01   1.6096997e-01   1.0946249e-01   8.8392222e-02   9.9958839e-02   5.9745838e-02
   7.8096812e-02   8.7617428e-02   1.1683459e-01   7.3008835e-02   9.7249542e-02   1.7635382e-01   1.1617602e-01   9.0557659e-02   1.0495830e-01   5.9146987e-02
   7.4232366e-02   8.6768310e-02   1.0586050e-01   7.1116413e-02   1.0654991e-01   1.9814791e-01   1.0883199e-01   8.9541700e-02   9.9840546e-02   5.9110356e-02
   8.6574820e-02   9.9444445e-02   1.1089684e-01   8.9701606e-02   8.7290841e-02   1.3093345e-01   1.1228696e-01   9.5754466e-02   1.1354097e-01   7.3575611e-02
   7.6289329e-02   1.0322589e-01   9.8816937e-02   9.3385092e-02   9.6514621e-02   1.3877939e-01   1.0345181e-01   1.0611178e-01   1.0389955e-01   7.9525593e-02
   7.3767408e-02   9.2736311e-02   1.0402889e-01   6.3794325e-02   8.8005260e-02   2.1325454e-01   1.1509090e-01   9.5915678e-02   9.9729549e-02   5.3677145e-02
   7.4878430e-02   8.6714017e-02   1.0789185e-01   6.5101350e-02   1.0006034e-01   2.0781799e-01   1.1548255e-01   9.1004311e-02   9.8817313e-02   5.2231847e-02
   7.1701298e-02   9.1902937e-02   1.0647682e-01   6.8930125e-02   9.4726244e-02   2.0154364e-01   1.1052417e-01   9.8672265e-02   9.8875863e-02   5.6646643e-02
   8.5503257e-02   1.1515330e-01   1.0513130e-01   6.6853219e-02   6.8440669e-02   1.2196743e-01   1.8069250e-01   8.4528210e-02   1.1570775e-01   5.6022365e-02
   9.4424141e-02   1.0900441e-01   1.1155127e-01   7.3611109e-02   8.1616890e-02   1.1140635e-01   1.5739418e-01   8.5245624e-02   1.1664502e-01   5.9101003e-02
   9.4305966e-02   1.1373484e-01   1.0820999e-01   7.1931797e-02   7.7270765e-02   1.0526435e-01   1.7173656e-01   8.2514297e-02   1.1632047e-01   5.8710963e-02
   8.0557385e-02   1.1940979e-01   1.1720560e-01   7.4265457e-02   7.1512611e-02   1.1215939e-01   1.4963638e-01   9.6363956e-02   1.1547697e-01   6.3412464e-02
   9.5888041e-02   1.0142692e-01   1.2548554e-01   7.2982862e-02   9.4804540e-02   1.0586431e-01   1.4785200e-01   8.4144455e-02   1.1468987e-01   5.6861460e-02
   9.7346881e-02   1.1783690e-01   1.0723387e-01   7.6948898e-02   7.3156685e-02   9.5870145e-02   1.6469281e-01   8.4273323e-02   1.1985137e-01   6.2789119e-02
   9.5093284e-02   1.0753428e-01   1.2147970e-01   7.7551819e-02   8.5948186e-02   9.7035713e-02   1.5121621e-01   8.6753275e-02   1.1664456e-01   6.0742975e-02
   9.5891091e-02   1.2401562e-01   1.0470664e-01   8.1039978e-02   7.0330881e-02   9.0771553e-02   1.5773032e-01   8.7127059e-02   1.2054882e-01   6.7838034e-02
   9.8762891e-02   1.1547694e-01   1.0658110e-01   7.1660650e-02   7.7606695e-02   1.0269580e-01   1.7033125e-01   8.0364651e-02   1.1736443e-01   5.9155586e-02
   9.3067287e-02   1.0779331e-01   1.1085655e-01   6.7205035e-02   7.9750218e-02   1.2191298e-01   1.6717198e-01   8.3714654e-02   1.1435933e-01   5.4168646e-02
   7.9042904e-02   9.3605860e-02   1.3014112e-01   8.3457753e-02   1.0415987e-01   1.0390120e-01   8.9856544e-02   1.5248375e-01   9.9532781e-02   6.3818218e-02
   8.0274339e-02   9.9277337e-02   9.5312162e-02   1.4274516e-01   8.5374494e-02   7.3914387e-02   7.9573266e-02   1.3549143e-01   9.7414901e-02   1.1062252e-01
   7.9223708e-02   8.7189341e-02   1.4084581e-01   7.8217508e-02   1.1413337e-01   1.1597597e-01   9.0820447e-02   1.3153495e-01   1.0174654e-01   6.0312353e-02
   8.2290332e-02   1.0892163e-01   8.7072339e-02   1.3321122e-01   6.6955757e-02   7.7066913e-02   8.0278855e-02   1.4713208e-01   9.9685840e-02   1.1738503e-01
   7.3534250e-02   8.7505966e-02   1.3059205e-01   8.8381725e-02   1.0806209e-01   1.1648455e-01   8.8546676e-02   1.4219290e-01   9.8613266e-02   6.6086526e-02
   8.9209063e-02   1.0926930e-01   9.9071061e-02   1.0990940e-01   7.1413610e-02   7.4047455e-02   8.1200403e-02   1.7406417e-01   1.0160519e-01   9.0210351e-02
   9.1472195e-02   1.2080341e-01   7.9022688e-02   1.3054021e-01   6.4229286e-02   6.7108265e-02   8.1706711e-02   1.2982314e-01   9.8066774e-02   1.3722731e-01
   1.0377356e-01   9.7487886e-02   1.2509253e-01   8.3651415e-02   9.9437289e-02   9.4592899e-02   8.1413777e-02   1.2557211e-01   1.1408411e-01   7.4894424e-02
   8.9813263e-02   1.0313368e-01   1.2055183e-01   8.4827485e-02   9.0205566e-02   9.6717370e-02   8.5595391e-02   1.5721497e-01   1.0353368e-01   6.8406759e-02
   9.0874109e-02   1.0113807e-01   1.0955343e-01   1.0298803e-01   9.3134084e-02   8.3301482e-02   8.7742491e-02   1.5035473e-01   1.0230248e-01   7.8611095e-02
   1.1216996e-01   1.0364899e-01   1.1557020e-01   9.9493820e-02   6.7226591e-02   7.3427209e-02   8.9910113e-02   1.1895975e-01   1.3595893e-01   8.3634441e-02
   1.2545301e-01   9.9945697e-02   1.2511094e-01   8.1822690e-02   6.9768643e-02   7.9533236e-02   9.6029571e-02   1.0372573e-01   1.4922002e-01   6.9390460e-02
   1.5167735e-01   1.4091917e-01   9.2361233e-02   8.3350538e-02   5.8218560e-02   6.7452626e-02   1.0849062e-01   8.6865452e-02   1.3225084e-01   7.8413619e-02
   1.2444527e-01   1.0621391e-01   1.0631128e-01   9.9528110e-02   7.2985461e-02   7.0133821e-02   9.1145499e-02   8.7753416e-02   1.4584222e-01   9.5641008e-02
   1.1535408e-01   9.2495392e-02   1.3193364e-01   9.6302210e-02   8.0391826e-02   7.3951258e-02   8.5595582e-02   1.0611236e-01   1.3885000e-01   7.9013648e-02
   1.0438252e-01   1.3711328e-01   9.6775591e-02   9.5782659e-02   6.5941726e-02   8.8249265e-02   1.0597732e-01   1.1899001e-01   1.1293069e-01   7.3856938e-02
   1.0155896e-01   8.9761178e-02   1.6132068e-01   7.9533508e-02   9.5440792e-02   8.5302329e-02   1.0653885e-01   9.2866239e-02   1.2648192e-01   6.1195541e-02
   1.0967735e-01   1.2053183e-01   1.0663130e-01   7.0230570e-02   6.5207838e-02   1.0925957e-01   1.1797915e-01   9.5835245e-02   1.4233777e-01   6.2309376e-02
   1.0516119e-01   9.7864676e-02   1.2519072e-01   9.3276395e-02   7.9106149e-02   8.6394800e-02   8.5120728e-02   1.2229198e-01   1.2929878e-01   7.6294570e-02
   1.2572847e-01   1.0818681e-01   1.0862100e-01   8.0711242e-02   6.6970650e-02   9.1622503e-02   9.9058426e-02   9.5367451e-02   1.5324302e-01   7.0490424e-02
   7.6906083e-02   8.4371780e-02   7.7101238e-02   1.5200747e-01   7.3138558e-02   6.1889172e-02   6.5609518e-02   9.3625604e-02   9.3133896e-02   2.2221668e-01
   8.4023235e-02   8.9923695e-02   8.6367919e-02   1.4844141e-01   7.1359898e-02   6.3898421e-02   7.2881254e-02   9.5567324e-02   1.0308067e-01   1.8445618e-01
   9.5475935e-02   9.1499901e-02   1.0012327e-01   1.2676980e-01   7.7831406e-02   7.6261848e-02   7.6882887e-02   1.1033459e-01   1.1392159e-01   1.3089877e-01
   9.9283487e-02   9.6722592e-02   1.0759201e-01   9.3480676e-02   7.7239678e-02   1.0229204e-01   8.5932479e-02   1.1907726e-01   1.2875461e-01   8.9625169e-02
   1.0234160e-01   9.5553450e-02   1.2134298e-01   8.6034062e-02   7.7716476e-02   9.6547263e-02   8.5195815e-02   1.3055831e-01   1.2745454e-01   7.7255505e-02
   7.8472809e-02   9.8321363e-02   7.4724213e-02   1.4344419e-01   6.6276223e-02   6.4734665e-02   7.2334797e-02   9.9043772e-02   9.4498466e-02   2.0814950e-01
   8.6987885e-02   8.7300048e-02   8.8965998e-02   1.4292423e-01   7.7194403e-02   6.8622398e-02   7.2296796e-02   9.6012039e-02   1.0700003e-01   1.7269617e-01
   8.9113006e-02   1.1139732e-01   8.4308713e-02   1.2577510e-01   6.4590116e-02   7.7269236e-02   8.5139558e-02   1.1367809e-01   1.0579652e-01   1.4293234e-01
   9.9697596e-02   1.0485891e-01   1.1014366e-01   8.2769215e-02   7.0310714e-02   1.0733513e-01   9.2915255e-02   1.3099264e-01   1.2545984e-01   7.5517043e-02
   9.4913287e-02   1.0983654e-01   1.0570071e-01   8.7164235e-02   6.9490586e-02   1.0257134e-01   9.1220552e-02   1.3986126e-01   1.1632547e-01   8.2916025e-02
